{"cameras":[{"camera":{"cx":352.7956848144531,"cy":269.97113037109375,"fx":549.4160766601563,"fy":549.4160766601563,"height":540,"k1":0,"k2":0,"k3":0,"p1":0,"p2":0,"width":720},"frames":[{"adjusted":false,"compass":null,"extrinsics":[0.2663586437702179,-0.9428712129592896,0.20011740922927856,-0.7778221964836121,-0.6154068112373352,-0.006564945448189974,0.7881824374198914,5.998265743255615,-0.741840660572052,-0.3330927789211273,-0.5819979310035706,2.6568338871002197,-0.0,0.0,-0.0,1.0],"filename":"frame_00000000.jpg","index":0,"latitude":37.795352935791016,"longitude":-122.39231872558594,"selected":true,"timestamp":"2022-03-23T12:27:38.000-07:00","tracking_state":"good"},{"adjusted":false,"compass":null,"extrinsics":[0.25663572549819946,-0.9465458393096924,0.19542019069194794,-0.7260482311248779,-0.6122689247131348,-0.002770185237750411,0.790644645690918,5.9997172355651855,-0.7478401064872742,-0.3225574195384979,-0.5802514553070068,2.6806509494781494,-0.0,0.0,-0.0,1.0],"filename":"frame_00000001.jpg","index":1,"latitude":37.795352935791016,"longitude":-122.39231872558594,"selected":true,"timestamp":"2022-03-23T12:27:38.049-07:00","tracking_state":"good"},{"adjusted":false,"compass":null,"extrinsics":[0.2459237277507782,-0.9510302543640137,0.18725146353244781,-0.6795088052749634,-0.6062235832214355,-0.00017322601343039423,0.7952943444252014,5.991398334503174,-0.7563164830207825,-0.3090979754924774,-0.5765795111656189,2.7238223552703857,-0.0,0.0,-0.0,1.0],"filename":"frame_00000002.jpg","index":2,"latitude":37.795352935791016,"longitude":-122.39231872558594,"selected":true,"timestamp":"2022-03-23T12:27:38.099-07:00","tracking_state":"good"},{"adjusted":false,"compass":null,"extrinsics":[0.2352922409772873,-0.9552894234657288,0.17905193567276,-0.6333479881286621,-0.596930980682373,0.003347233170643449,0.8022857308387756,5.972262382507324,-0.7670143842697144,-0.29565325379371643,-0.5694543123245239,2.7895894050598145,-0.0,0.0,-0.0,1.0],"filename":"frame_00000003.jpg","index":3,"latitude":37.795352935791016,"longitude":-122.39231872558594,"selected":true,"timestamp":"2022-03-23T12:27:38.149-07:00","tracking_state":"good"},{"adjusted":false,"compass":null,"extrinsics":[0.22198955714702606,-0.9613741636276245,0.16272826492786407,-0.5975267291069031,-0.5880924463272095,0.0011058003874495625,0.8087930083274841,5.956623554229736,-0.7777326107025146,-0.2752428948879242,-0.5651313066482544,2.845160961151123,-0.0,0.0,-0.0,1.0],"filename":"frame_00000004.jpg","index":4,"latitude":37.795352935791016,"longitude":-122.39231872558594,"selected":true,"timestamp":"2022-03-23T12:27:38.199-07:00","tracking_state":"good"},{"adjusted":false,"compass":262.4002685546875,"extrinsics":[0.20950515568256378,-0.9659671187400818,0.15170739591121674,-0.5501011610031128,-0.5777308344841003,0.0028876664582639933,0.8162223100662231,5.935455799102783,-0.7888820767402649,-0.2586487829685211,-0.5574640035629272,2.914613723754883,-0.0,0.0,-0.0,1.0],"filename":"frame_00000005.jpg","index":5,"latitude":37.795352935791016,"longitude":-122.39231872558594,"selected":true,"timestamp":"2022-03-23T12:27:38.249-07:00","tracking_state":"good"},{"adjusted":false,"compass":262.4002685546875,"extrinsics":[0.20150859653949738,-0.9684774875640869,0.1464434117078781,-0.5115914940834045,-0.5682388544082642,0.006189667619764805,0.8228403925895691,5.9194159507751465,-0.797808825969696,-0.24902425706386566,-0.5490792393684387,2.9732229709625244,-0.0,0.0,-0.0,1.0000001192092896],"filename":"frame_00000006.jpg","index":6,"latitude":37.795352935791016,"longitude":-122.39231872558594,"selected":true,"timestamp":"2022-03-23T12:27:38.299-07:00","tracking_state":"good"},{"adjusted":false,"compass":262.4002685546875,"extrinsics":[0.20066209137439728,-0.9687998294830322,0.14547036588191986,-0.5010762810707092,-0.5624200105667114,0.007659883704036474,0.8268162608146667,5.916391372680664,-0.8021337389945984,-0.24772611260414124,-0.5433353781700134,2.997360944747925,-0.0,0.0,-0.0,1.0000001192092896],"filename":"frame_00000007.jpg","index":7,"latitude":37.795352935791016,"longitude":-122.39231872558594,"selected":true,"timestamp":"2022-03-23T12:27:38.349-07:00","tracking_state":"good"},{"adjusted":false,"compass":261.38470458984375,"extrinsics":[0.20602425932884216,-0.9673128724098206,0.14785097539424896,-0.5161572098731995,-0.5563933849334717,0.008492828346788883,0.8308756947517395,5.915306568145752,-0.8049724102020264,-0.25344380736351013,-0.5364567041397095,3.0178709030151367,-0.0,0.0,-0.0,1.0],"filename":"frame_00000008.jpg","index":8,"latitude":37.795352935791016,"longitude":-122.39231872558594,"selected":true,"timestamp":"2022-03-23T12:27:38.399-07:00","tracking_state":"good"},{"adjusted":false,"compass":261.38470458984375,"extrinsics":[0.2102578729391098,-0.9669138193130493,0.14446265995502472,-0.5419998168945313,-0.549139142036438,0.005448789801448584,0.8357132077217102,5.908323287963867,-0.8088496923446655,-0.2550453841686249,-0.5298244953155518,3.044358253479004,-0.0,0.0,-0.0,1.0000001192092896],"filename":"frame_00000009.jpg","index":9,"latitude":37.795352935791016,"longitude":-122.39231872558594,"selected":true,"timestamp":"2022-03-23T12:27:38.449-07:00","tracking_state":"good"},{"adjusted":false,"compass":261.38470458984375,"extrinsics":[0.2071341872215271,-0.969611406326294,0.1301891952753067,-0.5609948039054871,-0.5449859499931335,-0.0038467803969979286,0.838436484336853,5.913777828216553,-0.8124566078186035,-0.24462012946605682,-0.5292214155197144,3.0495564937591553,-0.0,0.0,-0.0,1.0000001192092896],"filename":"frame_00000010.jpg","index":10,"latitude":37.795352935791016,"longitude":-122.39231872558594,"selected":true,"timestamp":"2022-03-23T12:27:38.499-07:00","tracking_state":"good"},{"adjusted":false,"compass":261.38470458984375,"extrinsics":[0.20586590468883514,-0.9714655876159668,0.11778775602579117,-0.5858160257339478,-0.5457823872566223,-0.014075991697609425,0.8378088474273682,5.935800552368164,-0.8122444748878479,-0.23676271736621857,-0.5331066250801086,3.0176284313201904,-0.0,0.0,-0.0,1.000000238418579],"filename":"frame_00000011.jpg","index":11,"latitude":37.795352935791016,"longitude":-122.39231872558594,"selected":true,"timestamp":"2022-03-23T12:27:38.549-07:00","tracking_state":"good"},{"adjusted":false,"compass":261.38470458984375,"extrinsics":[0.20657731592655182,-0.9715428352355957,0.11588981747627258,-0.5865115523338318,-0.5489538908004761,-0.017039641737937927,0.8356789350509644,5.96370267868042,-0.8099231719970703,-0.23625046014785767,-0.5368521809577942,2.9748497009277344,-0.0,0.0,-0.0,1.0],"filename":"frame_00000012.jpg","index":12,"latitude":37.79534912109375,"longitude":-122.39231872558594,"selected":true,"timestamp":"2022-03-23T12:27:38.599-07:00","tracking_state":"good"},{"adjusted":false,"compass":261.38470458984375,"extrinsics":[0.20078253746032715,-0.9728683829307556,0.1149502545595169,-0.5458852648735046,-0.5482358932495117,-0.014343859627842903,0.8362007737159729,5.974940776824951,-0.81186443567276,-0.23091433942317963,-0.5362411737442017,2.971003293991089,-0.0,0.0,-0.0,1.0000001192092896],"filename":"frame_00000013.jpg","index":13,"latitude":37.79534912109375,"longitude":-122.39231872558594,"selected":true,"timestamp":"2022-03-23T12:27:38.649-07:00","tracking_state":"good"},{"adjusted":false,"compass":261.38470458984375,"extrinsics":[0.1894424557685852,-0.9754491448402405,0.11229637265205383,-0.47850915789604187,-0.5426279306411743,-0.008689191192388535,0.8399280905723572,5.96700382232666,-0.8183313608169556,-0.22005321085453033,-0.5309520959854126,3.0088090896606445,-0.0,0.0,-0.0,0.9999998807907104],"filename":"frame_00000014.jpg","index":14,"latitude":37.79534912109375,"longitude":-122.39231872558594,"selected":true,"timestamp":"2022-03-23T12:27:38.699-07:00","tracking_state":"good"},{"adjusted":false,"compass":261.38470458984375,"extrinsics":[0.17895881831645966,-0.9776400923728943,0.1104249581694603,-0.4140794575214386,-0.5379648804664612,-0.0032625503372401,0.8429610729217529,5.961063385009766,-0.823752224445343,-0.2102600485086441,-0.526519775390625,3.037198305130005,-0.0,0.0,-0.0,1.0000001192092896],"filename":"frame_00000015.jpg","index":15,"latitude":37.79534912109375,"longitude":-122.39231872558594,"selected":true,"timestamp":"2022-03-23T12:27:38.749-07:00","tracking_state":"good"},{"adjusted":false,"compass":261.38470458984375,"extrinsics":[0.1643897145986557,-0.9810647368431091,0.10241160541772842,-0.34715351462364197,-0.5338854789733887,-0.001193106290884316,0.8455559611320496,5.956579685211182,-0.8294228911399841,-0.19367676973342896,-0.5239723920822144,3.0589189529418945,-0.0,0.0,-0.0,1.0],"filename":"frame_00000016.jpg","index":16,"latitude":37.79534912109375,"longitude":-122.39231872558594,"selected":true,"timestamp":"2022-03-23T12:27:38.799-07:00","tracking_state":"good"},{"adjusted":false,"compass":261.38470458984375,"extrinsics":[0.14822076261043549,-0.9845504760742188,0.09322518110275269,-0.27535685896873474,-0.530817985534668,0.00033392757177352905,0.8474857807159424,5.954991817474365,-0.8344236016273499,-0.17510057985782623,-0.522567629814148,3.072497844696045,-0.0,0.0,-0.0,1.0],"filename":"frame_00000017.jpg","index":17,"latitude":37.79534912109375,"longitude":-122.39231872558594,"selected":true,"timestamp":"2022-03-23T12:27:38.849-07:00","tracking_state":"good"},{"adjusted":false,"compass":261.38470458984375,"extrinsics":[0.13471639156341553,-0.9867380857467651,0.09055127948522568,-0.19806702435016632,-0.5272231698036194,0.00599584961310029,0.8497058153152466,5.951366424560547,-0.8389800190925598,-0.16221004724502563,-0.5194234848022461,3.0861704349517822,-0.0,0.0,-0.0,1.0000001192092896],"filename":"frame_00000018.jpg","index":18,"latitude":37.79534912109375,"longitude":-122.39231872558594,"selected":true,"timestamp":"2022-03-23T12:27:38.899-07:00","tracking_state":"good"},{"adjusted":false,"compass":261.38470458984375,"extrinsics":[0.12186649441719055,-0.9884289503097534,0.09031500667333603,-0.1168321818113327,-0.52545166015625,0.012948093935847282,0.8507249355316162,5.954070568084717,-0.8420504927635193,-0.1511310487985611,-0.5177936553955078,3.0847439765930176,-0.0,0.0,-0.0,1.0],"filename":"frame_00000019.jpg","index":19,"latitude":37.79534912109375,"longitude":-122.39231872558594,"selected":true,"timestamp":"2022-03-23T12:27:38.949-07:00","tracking_state":"good"},{"adjusted":false,"compass":261.33648681640625,"extrinsics":[0.10971570014953613,-0.9901795387268066,0.08664340525865555,-0.05230921506881714,-0.5231443643569946,0.016593139618635178,0.8520826101303101,5.955389976501465,-0.8451523184776306,-0.1388138383626938,-0.5161862373352051,3.081655502319336,-0.0,0.0,-0.0,1.0],"filename":"frame_00000020.jpg","index":20,"latitude":37.79534912109375,"longitude":-122.39231872558594,"selected":true,"timestamp":"2022-03-23T12:27:38.999-07:00","tracking_state":"good"},{"adjusted":false,"compass":261.33648681640625,"extrinsics":[0.09588074684143066,-0.992322564125061,0.0781206265091896,0.005266815889626741,-0.5229042172431946,0.016567515209317207,0.852230429649353,5.964492321014404,-0.8469817042350769,-0.12256210297346115,-0.5173012018203735,3.057651996612549,-0.0,0.0,-0.0,1.0000001192092896],"filename":"frame_00000021.jpg","index":21,"latitude":37.79534912109375,"longitude":-122.39231872558594,"selected":true,"timestamp":"2022-03-23T12:27:39.049-07:00","tracking_state":"good"},{"adjusted":false,"compass":261.33648681640625,"extrinsics":[0.08711325377225876,-0.9934561848640442,0.07386530190706253,0.04698372259736061,-0.5227358937263489,0.017533982172608376,0.8523144125938416,5.974030017852783,-0.8480321168899536,-0.11285991966724396,-0.5177876949310303,3.031006097793579,-0.0,0.0,-0.0,1.0000001192092896],"filename":"frame_00000022.jpg","index":22,"latitude":37.79534912109375,"longitude":-122.39231872558594,"selected":true,"timestamp":"2022-03-23T12:27:39.099-07:00","tracking_state":"good"},{"adjusted":false,"compass":261.33648681640625,"extrinsics":[0.08444249629974365,-0.9936610460281372,0.07421058416366577,0.07247012853622437,-0.5219565629959106,0.019330520182847977,0.8527530431747437,5.980377674102783,-0.848781943321228,-0.11074329912662506,-0.5170155763626099,3.006547212600708,-0.0,0.0,-0.0,1.0],"filename":"frame_00000023.jpg","index":23,"latitude":37.79534912109375,"longitude":-122.39231872558594,"selected":true,"timestamp":"2022-03-23T12:27:39.149-07:00","tracking_state":"good"},{"adjusted":false,"compass":261.33648681640625,"extrinsics":[0.07311272621154785,-0.9951848983764648,0.06528157740831375,0.11356626451015472,-0.5186120271682739,0.017973443493247032,0.8548207879066467,5.97894811630249,-0.8518779873847961,-0.09635409712791443,-0.5148007273674011,2.9994542598724365,-0.0,0.0,-0.0,1.0],"filename":"frame_00000024.jpg","index":24,"latitude":37.79534912109375,"longitude":-122.39231872558594,"selected":true,"timestamp":"2022-03-23T12:27:39.199-07:00","tracking_state":"good"},{"adjusted":false,"compass":261.33648681640625,"extrinsics":[0.057235877960920334,-0.9964920282363892,0.061055440455675125,0.19569025933742523,-0.5161051154136658,0.022817283868789673,0.8562211990356445,5.9806036949157715,-0.854610800743103,-0.08051761239767075,-0.5129886865615845,2.9897308349609375,-0.0,0.0,-0.0,1.0],"filename":"frame_00000025.jpg","index":25,"latitude":37.79534912109375,"longitude":-122.39231872558594,"selected":true,"timestamp":"2022-03-23T12:27:39.249-07:00","tracking_state":"good"},{"adjusted":false,"compass":262.3809814453125,"extrinsics":[0.057379405945539474,-0.9961327314376831,0.06653755158185959,0.223297581076622,-0.5195692181587219,0.027115220203995705,0.8539980053901672,6.0012359619140625,-0.8524995446205139,-0.08357276767492294,-0.5160041451454163,2.938138008117676,-0.0,0.0,-0.0,1.0],"filename":"frame_00000026.jpg","index":26,"latitude":37.79534912109375,"longitude":-122.39231872558594,"selected":true,"timestamp":"2022-03-23T12:27:39.299-07:00","tracking_state":"good"},{"adjusted":false,"compass":262.3809814453125,"extrinsics":[0.055037789046764374,-0.9963783621788025,0.06481469422578812,0.24089711904525757,-0.5260714888572693,0.026235995814204216,0.8500356078147888,6.035679817199707,-0.848657488822937,-0.08088123798370361,-0.5227223038673401,2.8664464950561523,-0.0,0.0,-0.0,1.0],"filename":"frame_00000027.jpg","index":27,"latitude":37.79534912109375,"longitude":-122.39231872558594,"selected":true,"timestamp":"2022-03-23T12:27:39.349-07:00","tracking_state":"good"},{"adjusted":false,"compass":262.3809814453125,"extrinsics":[0.04188099503517151,-0.997764527797699,0.05207585543394089,0.27732735872268677,-0.5370194911956787,0.02147248014807701,0.843296468257904,6.0840864181518555,-0.8425294756889343,-0.06328386068344116,-0.5349196791648865,2.757564067840576,-0.0,0.0,-0.0,1.0],"filename":"frame_00000028.jpg","index":28,"latitude":37.79534912109375,"longitude":-122.39231872558594,"selected":true,"timestamp":"2022-03-23T12:27:39.399-07:00","tracking_state":"good"},{"adjusted":false,"compass":262.3809814453125,"extrinsics":[0.03278626129031181,-0.9980710744857788,0.052718572318553925,0.33854585886001587,-0.5368899703025818,0.026902809739112854,0.8432233333587646,6.098424434661865,-0.8430151343345642,-0.05595020577311516,-0.5349723100662231,2.735175371170044,-0.0,0.0,-0.0,1.0],"filename":"frame_00000029.jpg","index":29,"latitude":37.79534912109375,"longitude":-122.39231872558594,"selected":true,"timestamp":"2022-03-23T12:27:39.449-07:00","tracking_state":"good"},{"adjusted":false,"compass":262.3809814453125,"extrinsics":[0.031117601320147514,-0.9980021715164185,0.054985783994197845,0.3630487620830536,-0.533329963684082,0.029947610571980476,0.8453770279884338,6.099232196807861,-0.8453348278999329,-0.055631667375564575,-0.5313325524330139,2.7361958026885986,-0.0,0.0,-0.0,0.9999998807907104],"filename":"frame_00000030.jpg","index":30,"latitude":37.79534912109375,"longitude":-122.39231872558594,"selected":true,"timestamp":"2022-03-23T12:27:39.499-07:00","tracking_state":"good"},{"adjusted":false,"compass":262.3809814453125,"extrinsics":[0.03296537697315216,-0.9978622198104858,0.05642931908369064,0.36342838406562805,-0.528290331363678,0.030531087890267372,0.8485146760940552,6.097652435302734,-0.8484236001968384,-0.05778266862034798,-0.5261543989181519,2.750114917755127,-0.0,0.0,-0.0,1.0],"filename":"frame_00000031.jpg","index":31,"latitude":37.79534912109375,"longitude":-122.39231872558594,"selected":true,"timestamp":"2022-03-23T12:27:39.549-07:00","tracking_state":"good"},{"adjusted":false,"compass":262.3809814453125,"extrinsics":[0.02471463568508625,-0.9986617565155029,0.04542868211865425,0.37332290410995483,-0.5246489644050598,0.025724539533257484,0.8509299159049988,6.104515075683594,-0.8509597182273865,-0.044864531606435776,-0.523311197757721,2.746814012527466,-0.0,0.0,-0.0,1.0],"filename":"frame_00000032.jpg","index":32,"latitude":37.79534912109375,"longitude":-122.39231872558594,"selected":true,"timestamp":"2022-03-23T12:27:39.599-07:00","tracking_state":"good"},{"adjusted":false,"compass":262.4246826171875,"extrinsics":[0.01643391139805317,-0.9987514615058899,0.04717515408992767,0.42930248379707336,-0.5128253102302551,0.03208358213305473,0.8578933477401733,6.083438873291016,-0.8583356738090515,-0.03829114884138107,-0.51165771484375,2.8059730529785156,-0.0,0.0,-0.0,1.0000001192092896],"filename":"frame_00000033.jpg","index":33,"latitude":37.79534912109375,"longitude":-122.39231872558594,"selected":true,"timestamp":"2022-03-23T12:27:39.649-07:00","tracking_state":"good"},{"adjusted":false,"compass":262.4246826171875,"extrinsics":[0.009284683503210545,-0.9985135197639465,0.053707510232925415,0.4981797933578491,-0.49994081258773804,0.04187995567917824,0.8650464415550232,6.05918025970459,-0.8660097718238831,-0.03488226234912872,-0.4988088607788086,2.8707082271575928,-0.0,0.0,-0.0,1.0],"filename":"frame_00000034.jpg","index":34,"latitude":37.79534912109375,"longitude":-122.39231872558594,"selected":true,"timestamp":"2022-03-23T12:27:39.699-07:00","tracking_state":"good"},{"adjusted":false,"compass":262.4246826171875,"extrinsics":[-0.001185573753900826,-0.998668909072876,0.05156552419066429,0.550571620464325,-0.49035781621932983,0.04552105441689491,0.8703315854072571,6.049767971038818,-0.8715204000473022,-0.024253714829683304,-0.48975902795791626,2.910188913345337,0.0,0.0,-0.0,1.0000001192092896],"filename":"frame_00000035.jpg","index":35,"latitude":37.79534912109375,"longitude":-122.39231872558594,"selected":true,"timestamp":"2022-03-23T12:27:39.749-07:00","tracking_state":"good"},{"adjusted":false,"compass":261.35858154296875,"extrinsics":[-0.020432690158486366,-0.9990302920341492,0.03900045156478882,0.6108688116073608,-0.48264220356941223,0.044018469750881195,0.8747108578681946,6.052859306335449,-0.875579297542572,-0.000950563873630017,-0.4830736219882965,2.9278359413146973,0.0,0.0,-0.0,1.0],"filename":"frame_00000036.jpg","index":36,"latitude":37.79534912109375,"longitude":-122.39231872558594,"selected":true,"timestamp":"2022-03-23T12:27:39.799-07:00","tracking_state":"good"},{"adjusted":false,"compass":261.35858154296875,"extrinsics":[-0.037335000932216644,-0.9989056587219238,0.028170270845294,0.6641232967376709,-0.47711020708084106,0.04258769750595093,0.8778109550476074,6.067537784576416,-0.8780500292778015,0.019332747906446457,-0.47817811369895935,2.9317853450775146,-0.0,0.0,-0.0,0.9999998807907104],"filename":"frame_00000037.jpg","index":37,"latitude":37.79534912109375,"longitude":-122.39231872558594,"selected":true,"timestamp":"2022-03-23T12:27:39.849-07:00","tracking_state":"good"},{"adjusted":false,"compass":261.35858154296875,"extrinsics":[-0.04330331087112427,-0.9986014366149902,0.030333764851093292,0.708288848400116,-0.4654609262943268,0.04703130945563316,0.8838179707527161,6.061432838439941,-0.8840084671974182,0.02415306121110916,-0.46684664487838745,2.9846866130828857,-0.0,0.0,-0.0,1.0],"filename":"frame_00000038.jpg","index":38,"latitude":37.79534912109375,"longitude":-122.39231872558594,"selected":true,"timestamp":"2022-03-23T12:27:39.899-07:00","tracking_state":"good"},{"adjusted":false,"compass":260.30908203125,"extrinsics":[-0.04672395437955856,-0.9984385371208191,0.030617402866482735,0.7318939566612244,-0.4546261429786682,0.04854758083820343,0.889358401298523,6.059893608093262,-0.889456033706665,0.027634866535663605,-0.4561845660209656,3.0331156253814697,-0.0,0.0,-0.0,1.0000001192092896],"filename":"frame_00000039.jpg","index":39,"latitude":37.79534912109375,"longitude":-122.39231872558594,"selected":true,"timestamp":"2022-03-23T12:27:39.949-07:00","tracking_state":"good"},{"adjusted":false,"compass":260.30908203125,"extrinsics":[-0.040995243936777115,-0.9987744688987732,0.02773105353116989,0.6937786936759949,-0.4445088505744934,0.04308756813406944,0.8947376012802124,6.063296318054199,-0.894835889339447,0.024353286251425743,-0.44573044776916504,3.0826926231384277,-0.0,0.0,-0.0,1.0000001192092896],"filename":"frame_00000040.jpg","index":40,"latitude":37.79534912109375,"longitude":-122.39231872558594,"selected":true,"timestamp":"2022-03-23T12:27:39.999-07:00","tracking_state":"good"},{"adjusted":false,"compass":260.30908203125,"extrinsics":[-0.033730123192071915,-0.9993700981140137,0.011026538908481598,0.5905052423477173,-0.4398016035556793,0.0247492715716362,0.897753894329071,6.088723659515381,-0.8974612951278687,0.025431860238313675,-0.4403593838214874,3.097492218017578,-0.0,0.0,-0.0,1.0],"filename":"frame_00000041.jpg","index":41,"latitude":37.79534912109375,"longitude":-122.39231872558594,"selected":true,"timestamp":"2022-03-23T12:27:40.049-07:00","tracking_state":"good"},{"adjusted":false,"compass":257.93572998046875,"extrinsics":[-0.037123698741197586,-0.9992707371711731,-0.008932006545364857,0.5327888131141663,-0.4454183876514435,0.00854515004903078,0.8952817320823669,6.1455559730529785,-0.89455246925354,0.037214647978544235,-0.44541075825691223,3.035672903060913,0.0,0.0,0.0,0.9999998807907104],"filename":"frame_00000042.jpg","index":42,"latitude":37.79534912109375,"longitude":-122.39231872558594,"selected":true,"timestamp":"2022-03-23T12:27:40.099-07:00","tracking_state":"good"},{"adjusted":false,"compass":257.93572998046875,"extrinsics":[-0.03575710952281952,-0.9993470311164856,-0.00517254089936614,0.5476718544960022,-0.4375048279762268,0.011000208556652069,0.8991486430168152,6.147524356842041,-0.8985047340393066,0.03441397100687027,-0.4376125633716583,3.0688836574554443,0.0,0.0,0.0,1.0],"filename":"frame_00000043.jpg","index":43,"latitude":37.79534912109375,"longitude":-122.39231872558594,"selected":true,"timestamp":"2022-03-23T12:27:40.149-07:00","tracking_state":"good"},{"adjusted":false,"compass":257.93572998046875,"extrinsics":[-0.034591417759656906,-0.9994003176689148,-0.0015741272363811731,0.5628741383552551,-0.43238112330436707,0.013545583002269268,0.9015892744064331,6.156155586242676,-0.9010271430015564,0.031867872923612595,-0.43259039521217346,3.083195209503174,0.0,0.0,0.0,1.0],"filename":"frame_00000044.jpg","index":44,"latitude":37.79534912109375,"longitude":-122.39231872558594,"selected":true,"timestamp":"2022-03-23T12:27:40.199-07:00","tracking_state":"good"},{"adjusted":false,"compass":257.93572998046875,"extrinsics":[-0.034685246646404266,-0.999397873878479,0.0008485427824780345,0.5825163125991821,-0.4296962022781372,0.015679657459259033,0.9028372764587402,6.170011520385742,-0.9023069739341736,0.030950520187616348,-0.4299813210964203,3.0807666778564453,-0.0,0.0,-0.0,1.0],"filename":"frame_00000045.jpg","index":45,"latitude":37.79534912109375,"longitude":-122.39231872558594,"selected":true,"timestamp":"2022-03-23T12:27:40.249-07:00","tracking_state":"good"},{"adjusted":false,"compass":257.93572998046875,"extrinsics":[-0.039181239902973175,-0.9992311000823975,-0.001453457516618073,0.6039570569992065,-0.4211258292198181,0.015193807892501354,0.90687495470047,6.16431188583374,-0.9061555862426758,0.036144573241472244,-0.42139726877212524,3.1158697605133057,0.0,0.0,0.0,1.0],"filename":"frame_00000046.jpg","index":46,"latitude":37.79534912109375,"longitude":-122.39231872558594,"selected":true,"timestamp":"2022-03-23T12:27:40.299-07:00","tracking_state":"good"},{"adjusted":false,"compass":257.93572998046875,"extrinsics":[-0.04726298153400421,-0.9988428950309753,-0.008897214196622372,0.6196618676185608,-0.4184351861476898,0.0117098493501544,0.9081712365150452,6.17671012878418,-0.9070161581039429,0.04664578288793564,-0.41850441694259644,3.108835220336914,0.0,0.0,0.0,1.0],"filename":"frame_00000047.jpg","index":47,"latitude":37.79534912109375,"longitude":-122.39231872558594,"selected":true,"timestamp":"2022-03-23T12:27:40.349-07:00","tracking_state":"good"},{"adjusted":false,"compass":257.93572998046875,"extrinsics":[-0.05453325808048248,-0.9983662366867065,-0.017056314274668694,0.6275296807289124,-0.4200599193572998,0.007441367954015732,0.907465934753418,6.206087112426758,-0.9058564305305481,0.05665173754096031,-0.4197794497013092,3.071246385574341,0.0,0.0,0.0,1.0000001192092896],"filename":"frame_00000048.jpg","index":48,"latitude":37.79534912109375,"longitude":-122.39231872558594,"selected":true,"timestamp":"2022-03-23T12:27:40.399-07:00","tracking_state":"good"},{"adjusted":false,"compass":257.93572998046875,"extrinsics":[-0.06140161678195,-0.9978586435317993,-0.022534238174557686,0.6434264779090881,-0.4228467047214508,0.00555519899353385,0.9061840772628784,6.239361763000488,-0.904118537902832,0.06516970694065094,-0.42228227853775024,3.0256590843200684,0.0,0.0,0.0,1.0],"filename":"frame_00000049.jpg","index":49,"latitude":37.79534912109375,"longitude":-122.39231872558594,"selected":true,"timestamp":"2022-03-23T12:27:40.449-07:00","tracking_state":"good"},{"adjusted":false,"compass":257.93572998046875,"extrinsics":[-0.06444963067770004,-0.997542142868042,-0.02749558351933956,0.63966304063797,-0.4267754852771759,0.0026462881360203028,0.9043538570404053,6.276135444641113,-0.9020582437515259,0.07001971453428268,-0.4258970320224762,2.9717297554016113,0.0,0.0,0.0,1.0],"filename":"frame_00000050.jpg","index":50,"latitude":37.79534912109375,"longitude":-122.39231872558594,"selected":true,"timestamp":"2022-03-23T12:27:40.499-07:00","tracking_state":"good"},{"adjusted":false,"compass":257.93572998046875,"extrinsics":[-0.06817466020584106,-0.9969589114189148,-0.03775227069854736,0.6133087873458862,-0.42411983013153076,-0.0052899690344929695,0.9055907130241394,6.292498588562012,-0.9030364155769348,0.0777498260140419,-0.4224694073200226,2.962822914123535,0.0,0.0,-0.0,1.0],"filename":"frame_00000051.jpg","index":51,"latitude":37.79534912109375,"longitude":-122.39231872558594,"selected":true,"timestamp":"2022-03-23T12:27:40.549-07:00","tracking_state":"good"},{"adjusted":false,"compass":257.93572998046875,"extrinsics":[-0.07431299239397049,-0.9961795210838318,-0.045869383960962296,0.610211193561554,-0.4246925413608551,-0.010002787224948406,0.9052825570106506,6.31869649887085,-0.9022826552391052,0.08675462752580643,-0.4223266541957855,2.9288573265075684,0.0,0.0,-0.0,1.0000001192092896],"filename":"frame_00000052.jpg","index":52,"latitude":37.79534149169922,"longitude":-122.39232635498047,"selected":true,"timestamp":"2022-03-23T12:27:40.599-07:00","tracking_state":"good"},{"adjusted":false,"compass":257.93572998046875,"extrinsics":[-0.08507109433412552,-0.9948950409889221,-0.05428431183099747,0.6308361887931824,-0.4220913350582123,-0.013366741128265858,0.9064548015594482,6.336057662963867,-0.9025530815124512,0.10002603381872177,-0.41879940032958984,2.913774251937866,0.0,0.0,-0.0,1.0],"filename":"frame_00000053.jpg","index":53,"latitude":37.79534149169922,"longitude":-122.39232635498047,"selected":true,"timestamp":"2022-03-23T12:27:40.649-07:00","tracking_state":"good"},{"adjusted":false,"compass":256.79052734375,"extrinsics":[-0.09024873375892639,-0.9942910075187683,-0.05692537873983383,0.6476517915725708,-0.41168007254600525,-0.014801772311329842,0.9112082123756409,6.325501441955566,-0.9068487286567688,0.10567043721675873,-0.40799397230148315,2.9542534351348877,0.0,0.0,-0.0,1.0000001192092896],"filename":"frame_00000054.jpg","index":54,"latitude":37.79534149169922,"longitude":-122.39232635498047,"selected":true,"timestamp":"2022-03-23T12:27:40.699-07:00","tracking_state":"good"},{"adjusted":false,"compass":256.79052734375,"extrinsics":[-0.08979465812444687,-0.9948969483375549,-0.04601206257939339,0.6944207549095154,-0.38731956481933594,-0.007679102011024952,0.9219136238098145,6.264805793762207,-0.9175623655319214,0.10060430318117142,-0.3846535086631775,3.08795166015625,0.0,0.0,-0.0,1.0],"filename":"frame_00000055.jpg","index":55,"latitude":37.79534149169922,"longitude":-122.39232635498047,"selected":true,"timestamp":"2022-03-23T12:27:40.749-07:00","tracking_state":"good"},{"adjusted":false,"compass":256.79052734375,"extrinsics":[-0.07980427891016006,-0.9961895942687988,-0.03518091142177582,0.6950599551200867,-0.3706660568714142,-0.0031057563610374928,0.9287610650062561,6.229803085327148,-0.9253312945365906,0.08715947717428207,-0.3690057694911957,3.1757655143737793,0.0,0.0,-0.0,1.0000001192092896],"filename":"frame_00000056.jpg","index":56,"latitude":37.79534149169922,"longitude":-122.39232635498047,"selected":true,"timestamp":"2022-03-23T12:27:40.799-07:00","tracking_state":"good"},{"adjusted":false,"compass":256.79052734375,"extrinsics":[-0.08720701932907104,-0.9952855110168457,-0.04244505614042282,0.7031641006469727,-0.37577012181282043,-0.006594676524400711,0.9266894459724426,6.274605751037598,-0.922600507736206,0.09676340222358704,-0.3734234571456909,3.113708257675171,0.0,0.0,-0.0,1.0],"filename":"frame_00000057.jpg","index":57,"latitude":37.79534149169922,"longitude":-122.39232635498047,"selected":true,"timestamp":"2022-03-23T12:27:40.849-07:00","tracking_state":"good"},{"adjusted":false,"compass":256.79052734375,"extrinsics":[-0.10486313700675964,-0.9933030605316162,-0.04850355535745621,0.7705971598625183,-0.38096851110458374,-0.00492861308157444,0.924574613571167,6.316956043243408,-0.9186219573020935,0.11543215066194534,-0.3779003918170929,3.042578935623169,0.0,0.0,-0.0,1.0],"filename":"frame_00000058.jpg","index":58,"latitude":37.79534149169922,"longitude":-122.39232635498047,"selected":true,"timestamp":"2022-03-23T12:27:40.899-07:00","tracking_state":"good"},{"adjusted":false,"compass":256.755615234375,"extrinsics":[-0.11062059551477432,-0.9932425022125244,-0.03510800749063492,0.8643037676811218,-0.37599390745162964,0.00912404153496027,0.9265772700309753,6.3236870765686035,-0.9199955463409424,0.1156989261507988,-0.374462366104126,3.043959617614746,0.0,0.0,0.0,1.0],"filename":"frame_00000059.jpg","index":59,"latitude":37.79534149169922,"longitude":-122.39232635498047,"selected":true,"timestamp":"2022-03-23T12:27:40.949-07:00","tracking_state":"good"},{"adjusted":false,"compass":256.755615234375,"extrinsics":[-0.11222454905509949,-0.9933592677116394,-0.025358030572533607,0.91966313123703,-0.3740859925746918,0.018592946231365204,0.9272077083587646,6.339529514312744,-0.9205788373947144,0.11354153603315353,-0.37368831038475037,3.029561996459961,0.0,0.0,0.0,1.0],"filename":"frame_00000060.jpg","index":60,"latitude":37.79534149169922,"longitude":-122.39232635498047,"selected":true,"timestamp":"2022-03-23T12:27:40.999-07:00","tracking_state":"good"},{"adjusted":false,"compass":256.755615234375,"extrinsics":[-0.10689283907413483,-0.9940483570098877,-0.021022208034992218,0.9105862975120544,-0.38059431314468384,0.021375099197030067,0.9244951009750366,6.384303569793701,-0.9185433387756348,0.10682283341884613,-0.38061395287513733,2.966660737991333,0.0,0.0,0.0,1.0],"filename":"frame_00000061.jpg","index":61,"latitude":37.79534149169922,"longitude":-122.39232635498047,"selected":true,"timestamp":"2022-03-23T12:27:41.049-07:00","tracking_state":"good"},{"adjusted":false,"compass":256.755615234375,"extrinsics":[-0.1085418239235878,-0.9937736988067627,-0.025148091837763786,0.8990041017532349,-0.38651126623153687,0.018881360068917274,0.9220912456512451,6.431087017059326,-0.9158753156661987,0.10980549454689026,-0.3861541450023651,2.904942512512207,0.0,0.0,0.0,1.0],"filename":"frame_00000062.jpg","index":62,"latitude":37.79534149169922,"longitude":-122.39232635498047,"selected":true,"timestamp":"2022-03-23T12:27:41.099-07:00","tracking_state":"good"},{"adjusted":false,"compass":256.755615234375,"extrinsics":[-0.11036364734172821,-0.9936048984527588,-0.023859810084104538,0.913873553276062,-0.38412970304489136,0.020501231774687767,0.9230515360832214,6.4513444900512695,-0.9166592955589294,0.11103659123182297,-0.3839356601238251,2.9007327556610107,0.0,0.0,0.0,1.0],"filename":"frame_00000063.jpg","index":63,"latitude":37.79534149169922,"longitude":-122.39232635498047,"selected":true,"timestamp":"2022-03-23T12:27:41.149-07:00","tracking_state":"good"},{"adjusted":false,"compass":256.755615234375,"extrinsics":[-0.11087620258331299,-0.9936255216598511,-0.020365765318274498,0.9323669672012329,-0.37791717052459717,0.023200415074825287,0.9255486726760864,6.459345817565918,-0.9191762804985046,0.1103178933262825,-0.3780805468559265,2.924823760986328,0.0,0.0,0.0,1.0],"filename":"frame_00000064.jpg","index":64,"latitude":37.79534149169922,"longitude":-122.39232635498047,"selected":true,"timestamp":"2022-03-23T12:27:41.199-07:00","tracking_state":"good"},{"adjusted":false,"compass":256.755615234375,"extrinsics":[-0.11115933954715729,-0.9935845136642456,-0.02081673964858055,0.928957462310791,-0.36645349860191345,0.02150925248861313,0.9301877021789551,6.453615188598633,-0.923772394657135,0.11102741956710815,-0.36649349331855774,2.9885425567626953,0.0,0.0,0.0,1.0],"filename":"frame_00000065.jpg","index":65,"latitude":37.79534149169922,"longitude":-122.39232635498047,"selected":true,"timestamp":"2022-03-23T12:27:41.249-07:00","tracking_state":"good"},{"adjusted":false,"compass":256.8046875,"extrinsics":[-0.11627151817083359,-0.9927182793617249,-0.03148479014635086,0.9004459977149963,-0.36167141795158386,0.012794573791325092,0.9322178363800049,6.474452972412109,-0.9250268936157227,0.11977751553058624,-0.360525518655777,3.006230592727661,0.0,0.0,0.0,1.0000001192092896],"filename":"frame_00000066.jpg","index":66,"latitude":37.79534149169922,"longitude":-122.39232635498047,"selected":true,"timestamp":"2022-03-23T12:27:41.299-07:00","tracking_state":"good"},{"adjusted":false,"compass":256.8046875,"extrinsics":[-0.11684378981590271,-0.9924510717391968,-0.037260062992572784,0.8704833984375,-0.3506700098514557,0.006126604042947292,0.9364789128303528,6.476016998291016,-0.9291813373565674,0.12248775362968445,-0.3487386703491211,3.070422649383545,0.0,0.0,0.0,1.0],"filename":"frame_00000067.jpg","index":67,"latitude":37.79534149169922,"longitude":-122.39232635498047,"selected":true,"timestamp":"2022-03-23T12:27:41.348-07:00","tracking_state":"good"},{"adjusted":false,"compass":254.24969482421875,"extrinsics":[-0.11749061197042465,-0.9921213388442993,-0.04348958656191826,0.8397650122642517,-0.33852577209472656,-0.0011573248775675893,0.9409564733505249,6.475010395050049,-0.9335932731628418,0.1252758949995041,-0.3357226550579071,3.1438167095184326,0.0,0.0,-0.0,1.0],"filename":"frame_00000068.jpg","index":68,"latitude":37.79534149169922,"longitude":-122.39232635498047,"selected":true,"timestamp":"2022-03-23T12:27:41.398-07:00","tracking_state":"good"},{"adjusted":false,"compass":254.24969482421875,"extrinsics":[-0.12000952661037445,-0.9915671944618225,-0.04891086742281914,0.8209741115570068,-0.32495900988578796,-0.007318546995520592,0.9456998705863953,6.468352794647217,-0.9380829334259033,0.1293870061635971,-0.3213403522968292,3.224257707595825,0.0,0.0,-0.0,1.0000001192092896],"filename":"frame_00000069.jpg","index":69,"latitude":37.79534149169922,"longitude":-122.39232635498047,"selected":true,"timestamp":"2022-03-23T12:27:41.448-07:00","tracking_state":"good"},{"adjusted":false,"compass":254.24969482421875,"extrinsics":[-0.11494481563568115,-0.9921921491622925,-0.048396527767181396,0.7962189316749573,-0.3073798418045044,-0.010803165845572948,0.9515255093574524,6.448596954345703,-0.9446190595626831,0.12424904108047485,-0.3037381172180176,3.3365402221679688,0.0,0.0,-0.0,1.0],"filename":"frame_00000070.jpg","index":70,"latitude":37.79534149169922,"longitude":-122.39232635498047,"selected":true,"timestamp":"2022-03-23T12:27:41.498-07:00","tracking_state":"good"},{"adjusted":false,"compass":251.8238525390625,"extrinsics":[-0.10636034607887268,-0.993323564529419,-0.044675134122371674,0.7683293223381042,-0.29063308238983154,-0.011911085806787014,0.9567604660987854,6.428689479827881,-0.9509047865867615,0.11474545300006866,-0.28742578625679016,3.442077875137329,0.0,0.0,-0.0,1.0000001192092896],"filename":"frame_00000071.jpg","index":71,"latitude":37.79534149169922,"longitude":-122.39232635498047,"selected":true,"timestamp":"2022-03-23T12:27:41.548-07:00","tracking_state":"good"},{"adjusted":false,"compass":251.8238525390625,"extrinsics":[-0.0896124467253685,-0.9951525926589966,-0.04050740227103233,0.7042148113250732,-0.27948760986328125,-0.013910934329032898,0.960048496723175,6.429441928863525,-0.9559582471847534,0.09735361486673355,-0.2768861949443817,3.515117645263672,0.0,0.0,-0.0,1.0],"filename":"frame_00000072.jpg","index":72,"latitude":37.79534149169922,"longitude":-122.39232635498047,"selected":true,"timestamp":"2022-03-23T12:27:41.598-07:00","tracking_state":"good"},{"adjusted":false,"compass":251.8238525390625,"extrinsics":[-0.08232361078262329,-0.9955089688301086,-0.0467410646378994,0.6334245800971985,-0.2858007848262787,-0.021348055452108383,0.9580511450767517,6.491390228271484,-0.954746425151825,0.09222886711359024,-0.28275978565216064,3.4656600952148438,0.0,0.0,-0.0,1.0],"filename":"frame_00000073.jpg","index":73,"latitude":37.79534149169922,"longitude":-122.39232635498047,"selected":true,"timestamp":"2022-03-23T12:27:41.648-07:00","tracking_state":"good"},{"adjusted":false,"compass":251.8238525390625,"extrinsics":[-0.08083391189575195,-0.9957132339477539,-0.04495689272880554,0.6361738443374634,-0.28848764300346375,-0.019801586866378784,0.9572789669036865,6.537505149841309,-0.9540655016899109,0.09035009890794754,-0.2856503129005432,3.4340765476226807,0.0,0.0,-0.0,1.0],"filename":"frame_00000074.jpg","index":74,"latitude":37.79534149169922,"longitude":-122.39232635498047,"selected":true,"timestamp":"2022-03-23T12:27:41.698-07:00","tracking_state":"good"},{"adjusted":false,"compass":251.8238525390625,"extrinsics":[-0.07177393138408661,-0.9970584511756897,-0.026887090876698494,0.6853448152542114,-0.2799411416053772,-0.005736006423830986,0.9599999785423279,6.539154052734375,-0.9573302865028381,0.07642979174852371,-0.2787059545516968,3.4799370765686035,0.0,0.0,-0.0,1.0],"filename":"frame_00000075.jpg","index":75,"latitude":37.79534149169922,"longitude":-122.39232635498047,"selected":true,"timestamp":"2022-03-23T12:27:41.748-07:00","tracking_state":"good"},{"adjusted":false,"compass":251.8238525390625,"extrinsics":[-0.0642053484916687,-0.9977860450744629,-0.017342370003461838,0.6981239318847656,-0.2755057215690613,0.001019999384880066,0.9612988233566284,6.552742958068848,-0.9591529369354248,0.06649845093488693,-0.2749612629413605,3.499474048614502,0.0,0.0,0.0,1.0],"filename":"frame_00000076.jpg","index":76,"latitude":37.79534149169922,"longitude":-122.39232635498047,"selected":true,"timestamp":"2022-03-23T12:27:41.798-07:00","tracking_state":"good"},{"adjusted":false,"compass":251.8238525390625,"extrinsics":[-0.061033010482788086,-0.9978789687156677,-0.022642076015472412,0.6526080965995789,-0.27629318833351135,-0.004907817114144564,0.9610608816146851,6.586879730224609,-0.9591334462165833,0.06491229683160782,-0.2754075825214386,3.484006881713867,0.0,0.0,-0.0,1.0],"filename":"frame_00000077.jpg","index":77,"latitude":37.79534149169922,"longitude":-122.39232635498047,"selected":true,"timestamp":"2022-03-23T12:27:41.848-07:00","tracking_state":"good"},{"adjusted":false,"compass":251.8238525390625,"extrinsics":[-0.05741015449166298,-0.997845470905304,-0.031756628304719