{
    "app": "ARDK Examples",
    "autofocus": 1,
    "coordinates": "opengl",
    "duration": 22.49321222305298,
    "formatVersion": "1",
    "frameCount": 450,
    "framerate": 20.0,
    "frames":
    [
        {
            "image": "frame_00000000.jpg",
            "intrinsics":
            [
                551.8321533203125,
                551.8321533203125,
                352.7314147949219,
                271.1465148925781,
                101.67994689941406
            ],
            "location":
            {
                "altitude": 33.1927375793457,
                "altitudeAccuracy": 51.704811096191406,
                "latitude": 37.795352935791016,
                "longitude": -122.39231872558594,
                "positionAccuracy": 19.182130813598633,
                "positionTimestamp": 1648063657.9997575
            },
            "pose":
            [
                5.869500637054443,
                0.19096443057060242,
                -3.025799036026001,
                -0.4116417169570923,
                0.19887709617614746,
                -0.5720738768577576,
                0.6809775233268738
            ],
            "pose4x4":
            [
                0.2663586437702179,
                -0.9428711533546448,
                0.20011739432811737,
                0.0,
                0.6154067516326904,
                0.006564956624060869,
                -0.7881823182106018,
                -0.0,
                0.7418407201766968,
                0.3330927789211273,
                0.5819979310035706,
                -0.0,
                5.869500637054443,
                0.19096443057060242,
                -3.025799036026001,
                1.0
            ],
            "projection":
            [
                1.5328670740127563,
                0.0,
                0.0,
                0.0,
                0.0,
                2.043822765350342,
                0.0,
                0.0,
                0.019669651985168457,
                0.004940807819366455,
                -0.9999997615814209,
                -1.0,
                0.0,
                0.0,
                -0.0009999998146668077,
                0.0
            ],
            "resolution":
            [
                720,
                540
            ],
            "saveDuration": 0.0052235000766813755,
            "sequence": 0,
            "timestamp": 1648063658.0,
            "tracking": 2,
            "trackingReason": 0
        },
        {
            "image": "frame_00000001.jpg",
            "intrinsics":
            [
                550.73388671875,
                550.73388671875,
                352.6869812011719,
                271.0548095703125,
                101.64555358886719
            ],
            "location":
            {
                "altitude": 33.1927375793457,
                "altitudeAccuracy": 51.704811096191406,
                "latitude": 37.795352935791016,
                "longitude": -122.39231872558594,
                "positionAccuracy": 19.182130813598633,
                "positionTimestamp": 1648063657.9997575
            },
            "pose":
            [
                5.864468574523926,
                0.19404645264148712,
                -3.0463082790374756,
                -0.4103699326515198,
                0.20364362001419067,
                -0.574640154838562,
                0.6781699061393738
            ],
            "pose4x4":
            [
                0.25663572549819946,
                -0.9465458393096924,
                0.19542023539543152,
                0.0,
                0.6122689247131348,
                0.0027702017687261105,
                -0.7906447649002075,
                -0.0,
                0.747840166091919,
                0.3225574195384979,
                0.5802516341209412,
                -0.0,
                5.864468574523926,
                0.19404645264148712,
                -3.0463082790374756,
                1.0
            ],
            "projection":
            [
                1.5298163890838623,
                0.0,
                0.0,
                0.0,
                0.0,
                2.039755344390869,
                0.0,
                0.0,
                0.019793152809143066,
                0.004601180553436279,
                -0.9999997615814209,
                -1.0,
                0.0,
                0.0,
                -0.0009999998146668077,
                0.0
            ],
            "resolution":
            [
                720,
                540
            ],
            "saveDuration": 0.005888042040169239,
            "sequence": 1,
            "timestamp": 1648063658.0499852,
            "tracking": 2,
            "trackingReason": 0
        },
        {
            "image": "frame_00000002.jpg",
            "intrinsics":
            [
                551.1732177734375,
                551.1732177734375,
                352.65460205078125,
                271.11480712890625,
                101.66805267333984
            ],
            "location":
            {
                "altitude": 33.1927375793457,
                "altitudeAccuracy": 51.704811096191406,
                "latitude": 37.795352935791016,
                "longitude": -122.39231872558594,
                "positionAccuracy": 19.182130813598633,
                "positionTimestamp": 1648063657.9997575
            },
            "pose":
            [
                5.859305381774902,
                0.1967322677373886,
                -3.067185163497925,
                -0.40901434421539307,
                0.21075460314750671,
                -0.5767326951026917,
                0.6750326752662659
            ],
            "pose4x4":
            [
                0.2459237277507782,
                -0.9510301351547241,
                0.18725146353244781,
                0.0,
                0.6062235236167908,
                0.00017321592895314097,
                -0.7952942252159119,
                -0.0,
                0.7563164234161377,
                0.3090979754924774,
                0.5765795111656189,
                -0.0,
                5.859305381774902,
                0.1967322677373886,
                -3.067185163497925,
                1.0
            ],
            "projection":
            [
                1.5310367345809937,
                0.0,
                0.0,
                0.0,
                0.0,
                2.041382312774658,
                0.0,
                0.0,
                0.01988309621810913,
                0.0048233866691589355,
                -0.9999997615814209,
                -1.0,
                0.0,
                0.0,
                -0.0009999998146668077,
                0.0
            ],
            "resolution":
            [
                720,
                540
            ],
            "saveDuration": 0.007129292003810406,
            "sequence": 2,
            "timestamp": 1648063658.09997,
            "tracking": 2,
            "trackingReason": 0
        },
        {
            "image": "frame_00000003.jpg",
            "intrinsics":
            [
                550.294677734375,
                550.294677734375,
                352.6321716308594,
                271.0002136230469,
                101.62507629394531
            ],
            "location":
            {
                "altitude": 33.1927375793457,
                "altitudeAccuracy": 51.704811096191406,
                "latitude": 37.795352935791016,
                "longitude": -122.39231872558594,
                "positionAccuracy": 19.182130813598633,
                "positionTimestamp": 1648063657.9997575
            },
            "pose":
            [
                5.853704929351807,
                0.19972997903823853,
                -3.0895144939422607,
                -0.40901869535446167,
                0.2190355360507965,
                -0.5782536864280701,
                0.6710810661315918
            ],
            "pose4x4":
            [
                0.2352922409772873,
                -0.9552894830703735,
                0.17905193567276,
                0.0,
                0.5969309210777283,
                -0.00334722432307899,
                -0.8022856116294861,
                -0.0,
                0.7670143246650696,
                0.29565322399139404,
                0.5694542527198792,
                -0.0,
                5.853704929351807,
                0.19972997903823853,
                -3.0895144939422607,
                1.0
            ],
            "projection":
            [
                1.52859628200531,
                0.0,
                0.0,
                0.0,
                0.0,
                2.03812837600708,
                0.0,
                0.0,
                0.01994532346725464,
                0.004398941993713379,
                -0.9999997615814209,
                -1.0,
                0.0,
                0.0,
                -0.0009999998146668077,
                0.0
            ],
            "resolution":
            [
                720,
                540
            ],
            "saveDuration": 0.0061921668238937855,
            "sequence": 3,
            "timestamp": 1648063658.149955,
            "tracking": 2,
            "trackingReason": 0
        },
        {
            "image": "frame_00000004.jpg",
            "intrinsics":
            [
                550.9535522460938,
                550.9535522460938,
                352.6214294433594,
                270.8849182128906,
                101.58184814453125
            ],
            "location":
            {
                "altitude": 33.1927375793457,
                "altitudeAccuracy": 51.704811096191406,
                "latitude": 37.795352935791016,
                "longitude": -122.39231872558594,
                "positionAccuracy": 19.182130813598633,
                "positionTimestamp": 1648063657.9997575
            },
            "pose":
            [
                5.848463535308838,
                0.20207637548446655,
                -3.11255145072937,
                -0.4055749475955963,
                0.23009419441223145,
                -0.579708456993103,
                0.6682093739509583
            ],
            "pose4x4":
            [
                0.22198957204818726,
                -0.961374044418335,
                0.16272825002670288,
                0.0,
                0.5880923867225647,
                -0.0011058277450501919,
                -0.8087930083274841,
                -0.0,
                0.7777326107025146,
                0.2752428352832794,
                0.5651313066482544,
                -0.0,
                5.848463535308838,
                0.20207637548446655,
                -3.11255145072937,
                1.0
            ],
            "projection":
            [
                1.5304265022277832,
                0.0,
                0.0,
                0.0,
                0.0,
                2.0405688285827637,
                0.0,
                0.0,
                0.019975244998931885,
                0.0039719343185424805,
                -0.9999997615814209,
                -1.0,
                0.0,
                0.0,
                -0.0009999998146668077,
                0.0
            ],
            "resolution":
            [
                720,
                540
            ],
            "saveDuration": 0.007384624797850847,
            "sequence": 4,
            "timestamp": 1648063658.19994,
            "tracking": 2,
            "trackingReason": 0
        },
        {
            "image": "frame_00000005.jpg",
            "intrinsics":
            [
                550.9535522460938,
                550.9535522460938,
                352.6737060546875,
                271.1266784667969,
                101.67250061035156
            ],
            "location":
            {
                "altitude": 33.1927375793457,
                "altitudeAccuracy": 51.704811096191406,
                "heading": 262.4002685546875,
                "headingAccuracy": 0.0,
                "headingTimestamp": 1648063658.790288,
                "latitude": 37.795352935791016,
                "longitude": -122.39231872558594,
                "positionAccuracy": 19.182130813598633,
                "positionTimestamp": 1648063657.9997575
            },
            "pose":
            [
                5.843629837036133,
                0.20534205436706543,
                -3.136404514312744,
                -0.4046383798122406,
                0.2398662120103836,
                -0.5811296105384827,
                0.6640936136245728
            ],
            "pose4x4":
            [
                0.209505096077919,
                -0.9659671187400818,
                0.15170738101005554,
                0.0,
                0.5777307748794556,
                -0.0028876576106995344,
                -0.8162223100662231,
                -0.0,
                0.7888818979263306,
                0.2586487829685211,
                0.5574639439582825,
                -0.0,
                5.843629837036133,
                0.20534205436706543,
                -3.136404514312744,
                1.0
            ],
            "projection":
            [
                1.5304265022277832,
                0.0,
                0.0,
                0.0,
                0.0,
                2.0405688285827637,
                0.0,
                0.0,
                0.019829928874969482,
                0.0048673152923583984,
                -0.9999997615814209,
                -1.0,
                0.0,
                0.0,
                -0.0009999998146668077,
                0.0
            ],
            "resolution":
            [
                720,
                540
            ],
            "saveDuration": 0.006308124866336584,
            "sequence": 5,
            "timestamp": 1648063658.249925,
            "tracking": 2,
            "trackingReason": 0
        },
        {
            "image": "frame_00000006.jpg",
            "intrinsics":
            [
                550.9535522460938,
                550.9535522460938,
                352.6766357421875,
                270.992919921875,
                101.62234497070313
            ],
            "location":
            {
                "altitude": 33.1927375793457,
                "altitudeAccuracy": 51.704811096191406,
                "heading": 262.4002685546875,
                "headingAccuracy": 0.0,
                "headingTimestamp": 1648063658.790288,
                "latitude": 37.795352935791016,
                "longitude": -122.39231872558594,
                "positionAccuracy": 19.182130813598633,
                "positionTimestamp": 1648063657.9997575
            },
            "pose":
            [
                5.8387956619262695,
                0.20830056071281433,
                -3.1632800102233887,
                -0.405776709318161,
                0.24658796191215515,
                -0.5817559957504272,
                0.6603783369064331
            ],
            "pose4x4":
            [
                0.20150858163833618,
                -0.9684774279594421,
                0.1464434117078781,
                0.0,
                0.5682388544082642,
                -0.006189658306539059,
                -0.8228403925895691,
                -0.0,
                0.797808825969696,
                0.24902422726154327,
                0.5490792393684387,
                -0.0,
                5.8387956619262695,
                0.20830056071281433,
                -3.1632800102233887,
                0.9999999403953552
            ],
            "projection":
            [
                1.5304265022277832,
                0.0,
                0.0,
                0.0,
                0.0,
                2.0405688285827637,
                0.0,
                0.0,
                0.019821882247924805,
                0.004372000694274902,
                -0.9999997615814209,
                -1.0,
                0.0,
                0.0,
                -0.0009999998146668077,
                0.0
            ],
            "resolution":
            [
                720,
                540
            ],
            "saveDuration": 0.00666945893317461,
            "sequence": 6,
            "timestamp": 1648063658.2999098,
            "tracking": 2,
            "trackingReason": 0
        },
        {
            "image": "frame_00000007.jpg",
            "intrinsics":
            [
                550.73388671875,
                550.73388671875,
                352.632568359375,
                271.21405029296875,
                101.70526885986328
            ],
            "location":
            {
                "altitude": 33.1927375793457,
                "altitudeAccuracy": 51.704811096191406,
                "heading": 262.4002685546875,
                "headingAccuracy": 0.0,
                "headingTimestamp": 1648063658.790288,
                "latitude": 37.795352935791016,
                "longitude": -122.39231872558594,
                "positionAccuracy": 19.182130813598633,
                "positionTimestamp": 1648063657.9997575
            },
            "pose":
            [
                5.832327365875244,
                0.2117632031440735,
                -3.1903040409088135,
                -0.4077335596084595,
                0.2491699606180191,
                -0.5810191631317139,
                0.6588507890701294
            ],
            "pose4x4":
            [
                0.2006620615720749,
                -0.9687998294830322,
                0.14547035098075867,
                0.0,
                0.5624199509620667,
                -0.00765986368060112,
                -0.826816201210022,
                -0.0,
                0.8021336793899536,
                0.24772609770298004,
                0.5433353185653687,
                -0.0,
                5.832327365875244,
                0.2117632031440735,
                -3.1903040409088135,
                0.9999999403953552
            ],
            "projection":
            [
                1.5298163890838623,
                0.0,
                0.0,
                0.0,
                0.0,
                2.039755344390869,
                0.0,
                0.0,
                0.01994425058364868,
                0.0051909685134887695,
                -0.9999997615814209,
                -1.0,
                0.0,
                0.0,
                -0.0009999998146668077,
                0.0
            ],
            "resolution":
            [
                720,
                540
            ],
            "saveDuration": 0.006113249808549881,
            "sequence": 7,
            "timestamp": 1648063658.3498948,
            "tracking": 2,
            "trackingReason": 0
        },
        {
            "image": "frame_00000008.jpg",
            "intrinsics":
            [
                549.8553466796875,
                549.8553466796875,
                352.67938232421875,
                271.04693603515625,
                101.6426010131836
            ],
            "location":
            {
                "altitude": 33.1927375793457,
                "altitudeAccuracy": 51.704811096191406,
                "heading": 261.38470458984375,
                "headingAccuracy": 0.0,
                "headingTimestamp": 1648063658.949125,
                "latitude": 37.795352935791016,
                "longitude": -122.39231872558594,
                "positionAccuracy": 19.182130813598633,
                "positionTimestamp": 1648063657.9997575
            },
            "pose":
            [
                5.826879978179932,
                0.21533724665641785,
                -3.2196123600006104,
                -0.4117220938205719,
                0.24951264262199402,
                -0.5785597562789917,
                0.6584048867225647
            ],
            "pose4x4":
            [
                0.20602424442768097,
                -0.9673128128051758,
                0.14785094559192657,
                0.0,
                0.5563933253288269,
                -0.008492859080433846,
                -0.83087557554245,
                -0.0,
                0.8049722909927368,
                0.25344380736351013,
                0.5364567041397095,
                -0.0,
                5.826879978179932,
                0.21533724665641785,
                -3.2196123600006104,
                1.0
            ],
            "projection":
            [
                1.5273759365081787,
                0.0,
                0.0,
                0.0,
                0.0,
                2.036501169204712,
                0.0,
                0.0,
                0.01981419324874878,
                0.004572033882141113,
                -0.9999997615814209,
                -1.0,
                0.0,
                0.0,
                -0.0009999998146668077,
                0.0
            ],
            "resolution":
            [
                720,
                540
            ],
            "saveDuration": 0.007242416962981224,
            "sequence": 8,
            "timestamp": 1648063658.3998797,
            "tracking": 2,
            "trackingReason": 0
        },
        {
            "image": "frame_00000009.jpg",
            "intrinsics":
            [
                549.4160766601563,
                549.4160766601563,
                352.68707275390625,
                271.19671630859375,
                101.69876861572266
            ],
            "location":
            {
                "altitude": 33.1927375793457,
                "altitudeAccuracy": 51.704811096191406,
                "heading": 261.38470458984375,
                "headingAccuracy": 0.0,
                "headingTimestamp": 1648063658.949125,
                "latitude": 37.795352935791016,
                "longitude": -122.39231872558594,
                "positionAccuracy": 19.182130813598633,
                "positionTimestamp": 1648063657.9997575
            },
            "pose":
            [
                5.820878505706787,
                0.22018909454345703,
                -3.2463881969451904,
                -0.41409003734588623,
                0.25222453474998474,
                -0.5755465626716614,
                0.6585274338722229
            ],
            "pose4x4":
            [
                0.2102578580379486,
                -0.9669137001037598,
                0.14446264505386353,
                0.0,
                0.5491390824317932,
                -0.005448809824883938,
                -0.8357131481170654,
                -0.0,
                0.8088496923446655,
                0.2550453543663025,
                0.5298245549201965,
                -0.0,
                5.820878505706787,
                0.22018909454345703,
                -3.2463881969451904,
                0.9999998807907104
            ],
            "projection":
            [
                1.526155710220337,
                0.0,
                0.0,
                0.0,
                0.0,
                2.034874200820923,
                0.0,
                0.0,
                0.019792795181274414,
                0.005126774311065674,
                -0.9999997615814209,
                -1.0,
                0.0,
                0.0,
                -0.0009999998146668077,
                0.0
            ],
            "resolution":
            [
                720,
                540
            ],
            "saveDuration": 0.006352249998599291,
            "sequence": 9,
            "timestamp": 1648063658.4498646,
            "tracking": 2,
            "trackingReason": 0
        },
        {
            "image": "frame_00000010.jpg",
            "intrinsics":
            [
                551.1732177734375,
                551.1732177734375,
                352.5452880859375,
                271.1661376953125,
                101.68730163574219
            ],
            "location":
            {
                "altitude": 33.1927375793457,
                "altitudeAccuracy": 51.704811096191406,
                "heading": 261.38470458984375,
                "headingAccuracy": 0.0,
                "headingTimestamp": 1648063658.949125,
                "latitude": 37.795352935791016,
                "longitude": -122.39231872558594,
                "positionAccuracy": 19.182130813598633,
                "positionTimestamp": 1648063657.9997575
            },
            "pose":
            [
                5.81675910949707,
                0.22478489577770233,
                -3.271399736404419,
                -0.41050758957862854,
                0.25859779119491577,
                -0.5740732550621033,
                0.6595836281776428
            ],
            "pose4x4":
            [
                0.2071341872215271,
                -0.9696113467216492,
                0.13018916547298431,
                0.0,
                0.5449859499931335,
                0.0038467736449092627,
                -0.8384362459182739,
                -0.0,
                0.8124566078186035,
                0.24462009966373444,
                0.5292212963104248,
                -0.0,
                5.81675910949707,
                0.22478489577770233,
                -3.271399736404419,
                0.9999999403953552
            ],
            "projection":
            [
                1.5310367345809937,
                0.0,
                0.0,
                0.0,
                0.0,
                2.041382312774658,
                0.0,
                0.0,
                0.02018672227859497,
                0.005013465881347656,
                -0.9999997615814209,
                -1.0,
                0.0,
                0.0,
                -0.0009999998146668077,
                0.0
            ],
            "resolution":
            [
                720,
                540
            ],
            "saveDuration": 0.007489666808396578,
            "sequence": 10,
            "timestamp": 1648063658.4998498,
            "tracking": 2,
            "trackingReason": 0
        },
        {
            "image": "frame_00000011.jpg",
            "intrinsics":
            [
                550.9535522460938,
                550.9535522460938,
                352.5350341796875,
                271.2388610839844,
                101.71456909179688
            ],
            "location":
            {
                "altitude": 33.1927375793457,
                "altitudeAccuracy": 51.704811096191406,
                "heading": 261.38470458984375,
                "headingAccuracy": 0.0,
                "headingTimestamp": 1648063658.949125,
                "latitude": 37.795352935791016,
                "longitude": -122.39231872558594,
                "positionAccuracy": 19.182130813598633,
                "positionTimestamp": 1648063657.9997575
            },
            "pose":
            [
                5.811304569244385,
                0.22891390323638916,
                -3.2953457832336426,
                -0.40579652786254883,
                0.262251615524292,
                -0.572966992855072,
                0.6620136499404907
            ],
            "pose4x4":
            [
                0.20586584508419037,
                -0.971465528011322,
                0.11778774112462997,
                0.0,
                0.5457823276519775,
                0.014076012186706066,
                -0.8378086686134338,
                -0.0,
                0.8122442960739136,
                0.23676268756389618,
                0.5331064462661743,
                -0.0,
                5.811304569244385,
                0.22891390323638916,
                -3.2953457832336426,
                0.9999998807907104
            ],
            "projection":
            [
                1.5304265022277832,
                0.0,
                0.0,
                0.0,
                0.0,
                2.0405688285827637,
                0.0,
                0.0,
                0.020215213298797607,
                0.0052828192710876465,
                -0.9999997615814209,
                -1.0,
                0.0,
                0.0,
                -0.0009999998146668077,
                0.0
            ],
            "resolution":
            [
                720,
                540
            ],
            "saveDuration": 0.006099792197346687,
            "sequence": 11,
            "timestamp": 1648063658.5498345,
            "tracking": 2,
            "trackingReason": 0
        },
        {
            "image": "frame_00000012.jpg",
            "intrinsics":
            [
                550.074951171875,
                550.074951171875,
                352.57550048828125,
                271.4353942871094,
                101.78826904296875
            ],
            "location":
            {
                "altitude": 32.71397018432617,
                "altitudeAccuracy": 43.926551818847656,
                "heading": 261.38470458984375,
                "headingAccuracy": 0.0,
                "headingTimestamp": 1648063658.949125,
                "latitude": 37.79534912109375,
                "longitude": -122.39231872558594,
                "positionAccuracy": 16.220361709594727,
                "positionTimestamp": 1648063658.999755
            },
            "pose":
            [
                5.804357051849365,
                0.23460794985294342,
                -3.3187155723571777,
                -0.4039447605609894,
                0.2615388035774231,
                -0.5729823708534241,
                0.6634133458137512
            ],
            "pose4x4":
            [
                0.20657730102539063,
                -0.9715427756309509,
                0.11588980257511139,
                0.0,
                0.5489538908004761,
                0.017039643600583076,
                -0.8356789946556091,
                -0.0,
                0.8099231123924255,
                0.23625047504901886,
                0.5368521809577942,
                -0.0,
                5.804357051849365,
                0.23460794985294342,
                -3.3187155723571777,
                1.0
            ],
            "projection":
            [
                1.5279860496520996,
                0.0,
                0.0,
                0.0,
                0.0,
                2.0373146533966064,
                0.0,
                0.0,
                0.02010279893875122,
                0.006010711193084717,
                -0.9999997615814209,
                -1.0,
                0.0,
                0.0,
                -0.0009999998146668077,
                0.0
            ],
            "resolution":
            [
                720,
                540
            ],
            "saveDuration": 0.006245833821594715,
            "sequence": 12,
            "timestamp": 1648063658.5998194,
            "tracking": 2,
            "trackingReason": 0
        },
        {
            "image": "frame_00000013.jpg",
            "intrinsics":
            [
                550.294677734375,
                550.294677734375,
                352.5767822265625,
                271.27056884765625,
                101.7264633178711
            ],
            "location":
            {
                "altitude": 32.71397018432617,
                "altitudeAccuracy": 43.926551818847656,
                "heading": 261.38470458984375,
                "headingAccuracy": 0.0,
                "headingTimestamp": 1648063658.949125,
                "latitude": 37.79534912109375,
                "longitude": -122.39231872558594,
                "positionAccuracy": 16.220361709594727,
                "positionTimestamp": 1648063658.999755
            },
            "pose":
            [
                5.797332286834717,
                0.24067647755146027,
                -3.3403258323669434,
                -0.4031740725040436,
                0.2633059322834015,
                -0.5746987462043762,
                0.6616962552070618
            ],
            "pose4x4":
            [
                0.20078250765800476,
                -0.9728683233261108,
                0.11495023965835571,
                0.0,
                0.5482357740402222,
                0.014343843795359135,
                -0.8362007737159729,
                -0.0,
                0.81186443567276,
                0.23091435432434082,
                0.5362412929534912,
                -0.0,
                5.797332286834717,
                0.24067647755146027,
                -3.3403258323669434,
                0.9999999403953552
            ],
            "projection":
            [
                1.52859628200531,
                0.0,
                0.0,
                0.0,
                0.0,
                2.03812837600708,
                0.0,
                0.0,
                0.020099282264709473,
                0.005400240421295166,
                -0.9999997615814209,
                -1.0,
                0.0,
                0.0,
                -0.0009999998146668077,
                0.0
            ],
            "resolution":
            [
                720,
                540
            ],
            "saveDuration": 0.006234874948859215,
            "sequence": 13,
            "timestamp": 1648063658.6498044,
            "tracking": 2,
            "trackingReason": 0
        },
        {
            "image": "frame_00000014.jpg",
            "intrinsics":
            [
                551.1732177734375,
                551.1732177734375,
                352.5313415527344,
                271.5677185058594,
                101.837890625
            ],
            "location":
            {
                "altitude": 32.71397018432617,
                "altitudeAccuracy": 43.926551818847656,
                "heading": 261.38470458984375,
                "headingAccuracy": 0.0,
                "headingTimestamp": 1648063658.949125,
                "latitude": 37.79534912109375,
                "longitude": -122.39231872558594,
                "positionAccuracy": 16.220361709594727,
                "positionTimestamp": 1648063658.999755
            },
            "pose":
            [
                5.7907185554504395,
                0.24718545377254486,
                -3.3605875968933105,
                -0.4030512869358063,
                0.26846539974212646,
                -0.5772392749786377,
                0.6574731469154358
            ],
            "pose4x4":
            [
                0.1894424706697464,
                -0.97544926404953,
                0.11229640245437622,
                0.0,
                0.5426281094551086,
                0.008689218200743198,
                -0.8399283289909363,
                -0.0,
                0.8183315992355347,
                0.22005324065685272,
                0.5309521555900574,
                -0.0,
                5.7907185554504395,
                0.24718545377254486,
                -3.3605875968933105,
                1.0000001192092896
            ],
            "projection":
            [
                1.5310367345809937,
                0.0,
                0.0,
                0.0,
                0.0,
                2.041382312774658,
                0.0,
                0.0,
                0.020225465297698975,
                0.006500840187072754,
                -0.9999997615814209,
                -1.0,
                0.0,
                0.0,
                -0.0009999998146668077,
                0.0
            ],
            "resolution":
            [
                720,
                540
            ],
            "saveDuration": 0.006481832824647427,
            "sequence": 14,
            "timestamp": 1648063658.6997893,
            "tracking": 2,
            "trackingReason": 0
        },
        {
            "image": "frame_00000015.jpg",
            "intrinsics":
            [
                550.5142822265625,
                550.5142822265625,
                352.52264404296875,
                271.7171936035156,
                101.89395141601563
            ],
            "location":
            {
                "altitude": 32.71397018432617,
                "altitudeAccuracy": 43.926551818847656,
                "heading": 261.38470458984375,
                "headingAccuracy": 0.0,
                "headingTimestamp": 1648063658.949125,
                "latitude": 37.79534912109375,
                "longitude": -122.39231872558594,
                "positionAccuracy": 16.220361709594727,
                "positionTimestamp": 1648063658.999755
            },
            "pose":
            [
                5.782843112945557,
                0.25322896242141724,
                -3.3800742626190186,
                -0.4028574228286743,
                0.2728479504585266,
                -0.5797193646430969,
                0.6535941362380981
            ],
            "pose4x4":
            [
                0.17895880341529846,
                -0.9776400327682495,
                0.1104249581694603,
                0.0,
                0.5379647016525269,
                0.003262544283643365,
                -0.8429610133171082,
                -0.0,
                0.8237521648406982,
                0.2102600336074829,
                0.526519775390625,
                -0.0,
                5.782843112945557,
                0.25322896242141724,
                -3.3800742626190186,
                0.9999999403953552
            ],
            "projection":
            [
                1.529206395149231,
                0.0,
                0.0,
                0.0,
                0.0,
                2.0389418601989746,
                0.0,
                0.0,
                0.020249545574188232,
                0.007054388523101807,
                -0.9999997615814209,
                -1.0,
                0.0,
                0.0,
                -0.0009999998146668077,
                0.0
            ],
            "resolution":
            [
                720,
                540
            ],
            "saveDuration": 0.0063393330201506615,
            "sequence": 15,
            "timestamp": 1648063658.7497742,
            "tracking": 2,
            "trackingReason": 0
        },
        {
            "image": "frame_00000016.jpg",
            "intrinsics":
            [
                551.1732177734375,
                551.1732177734375,
                352.4626770019531,
                271.7576599121094,
                101.90911865234375
            ],
            "location":
            {
                "altitude": 32.71397018432617,
                "altitudeAccuracy": 43.926551818847656,
                "heading": 261.38470458984375,
                "headingAccuracy": 0.0,
                "headingTimestamp": 1648063658.949125,
                "latitude": 37.79534912109375,
                "longitude": -122.39231872558594,
                "positionAccuracy": 16.220361709594727,
                "positionTimestamp": 1648063658.999755
            },
            "pose":
            [
                5.774337291717529,
                0.2589684724807739,
                -3.398279905319214,
                -0.3997575342655182,
                0.2796565294265747,
                -0.5827497839927673,
                0.6499144434928894
            ],
            "pose4x4":
            [
                0.1643896847963333,
                -0.9810646176338196,
                0.10241160541772842,
                0.0,
